84.02
39.44
78.31
79.84
91.16
19.76
33.52
76.82
27.78
55.40
47.74
62.89
36.48
51.34
95.22
91.62
63.57
71.73
14.16
60.70
1.63
24.29
13.72
80.42
15.67
40.09
12.98
10.88
99.89
21.83
51.29
83.91
61.26
29.60
63.76
52.43
49.36
97.28
29.25
77.14
52.67
76.99
40.02
89.15
28.33
35.25
80.77
91.90
6.98
94.93
52.60
8.61
19.22
66.32
89.02
34.89
6.42
2.00
45.77
6.31
23.83
97.06
90.22
85.09
26.67
53.98
37.52
76.02
51.25
66.77
53.16
3.93
43.76
93.18
93.08
72.10
28.43
73.85
64.00
35.40
68.79
16.60
44.01
88.01
82.92
33.03
22.90
89.34
35.04
68.67
95.65
58.86
65.73
85.87
43.96
92.40
39.84
81.48
68.42
91.10
48.25
21.58
95.03
92.01
14.77
88.11
64.11
43.20
61.96
28.11
78.60
30.75
44.70
22.61
18.75
27.62
55.64
41.65
16.96
90.68
10.32
12.61
49.54
76.05
98.48
93.50
68.44
38.32
74.98
36.87
29.42
23.23
58.45
24.44
15.24
73.21
12.55
79.35
16.41
74.51
7.45
95.01
5.25
52.16
17.62
24.01
79.78
73.27
65.66
96.74
63.95
75.97
9.35
13.49
52.02
7.82
6.99
20.47
46.14
81.97
57.33
75.56
5.19
15.78
100.00
20.43
89.00
12.55
99.78
5.41
87.05
7.23
0.42
92.31
59.39
18.04
16.31
39.17
91.30
81.97
35.91
55.25
57.94
45.26
68.74
9.96
53.08
75.73
30.43
99.22
57.70
87.76
74.78
62.89
3.54
74.78
83.32
92.54
87.33
83.10
97.94
74.38
90.34
98.36
66.69
49.73
16.40
83.00
88.89
7.70
64.97
24.80
62.95
22.91
70.06
31.69
32.88
23.14
7.42
63.31
22.37
65.11
51.07
97.15
28.00
54.61
71.93
11.33
47.15
59.25
94.43
45.09
33.64
84.77
43.45
0.32
34.49
59.85
83.32
23.39
67.55
48.30
48.19
30.50
71.21
18.26
62.18
4.09
41.40
69.60
67.39
63.76
34.71
18.46
60.91
62.72
73.07
32.84
74.04
20.22
92.09
68.48
65.31
25.73
53.24
8.76
26.05
87.74
68.61
9.37
11.13
36.16
57.67
59.32
66.66
28.88
77.58
28.84
32.96
18.98
98.44
0.36
82.74
33.15
18.82
43.65
95.86
91.89
76.49
69.91
12.11
68.58
38.38
77.43
94.31
91.63
86.19
20.35
79.37
54.80
29.73
90.49
90.96
87.40
49.81
57.62
16.28
27.39
86.46
49.24
46.37
84.89
49.60
29.11
18.04
68.42
72.76
13.91
60.31
49.24
83.81
72.43
17.82
22.20
49.85
12.13
13.82
36.04
32.48
93.19
90.85
62.21
83.68
81.81
49.61
33.50
39.43
65.88
60.89
25.89
15.12
7.25
10.78
64.72
36.36
28.83
33.14
9.11
42.73
93.45
58.36
26.55
65.87
76.18
48.74
15.73
88.30
62.57
51.77
20.78
55.76
42.62
82.99
39.44
24.43
32.60
72.94
63.87
98.48
33.82
89.76
13.61
41.08
0.54
78.33
77.44
29.37
11.47
86.55
72.10
